[Curing start time]
CCFA1R000 = 3782892413.822526
CCFA1M001 = 3782819182.247256
CCFA1J001 = 3782860072.046236
CCFA1V001 = 3782906877.515361
CCFA1W000 = 3780550444.671241
CCFA1V000 = 3780533002.586269
CCFA1B001 = 3782966545.529279    
CCFA1W001 = 3782693770.556026
CCFA1Y001 = 3782809850.574570
CCFA1T000 = 3782881076.483475
CCFA1K001 = 3782181516.770678
CCFA1T001 = 3780543478.446095
CCFA1A001 = 3782784788.650986
CCFA1H001 = 3780010885.243033
CCFA1I001 = 3782258956.415990
CCFA1M000 = 3781785608.811934
CCFA1Z000 = 3782950017.982407
CCFA1Q000 = 3782798165.612815
CCFA1S001 = 3781060135.474657
CCFA1F001 = 3780544914.992831
CCFA1X000 = 3780570995.871968
CCFA1Q001 = 3782342467.825149
CCFA1L001 = 3782725483.302958
CCFA1P000 = 3782945751.529140
CCFA1Y000 = 3780872897.030783
CCFA1E001 = 3781153036.501982
CCFA1G001 = 3781302394.537986
CCFA1N000 = 3782213553.783050
CCFA1R001 = 3782875352.150844
CCFA1N001 = 3782822590.552954
CCFA1Z002 = 3782902642.372355