[Curing start time]
CCFA1R000 = 3784691476.948853
CCFA1M001 = 3782819182.247256
CCFA1J001 = 3783468536.229363
CCFA1V001 = 3783943692.505376
CCFA1W000 = 3780550444.671241
CCFA1V000 = 3780533002.586269
CCFA1B001 = 3784874208.696950
CCFA1W001 = 3784591267.139879
CCFA1Y001 = 3784518989.039309
CCFA1T000 = 3784526157.308807
CCFA1K001 = 3782181516.770678
CCFA1T001 = 3780543478.446095
CCFA1A001 = 3784720212.400439
CCFA1H001 = 3780010885.243033
CCFA1I001 = 3782258956.415990
CCFA1M000 = 3781785608.811934
CCFA1Z000 = 3784778210.730608
CCFA1Q000 = 3784883686.829107    
CCFA1S001 = 3781060135.474657
CCFA1F001 = 3780544914.992831
CCFA1X000 = 3780570995.871968
CCFA1Q001 = 3782342467.825149
CCFA1L001 = 3784077282.347526
CCFA1P000 = 3784284499.305299
CCFA1Y000 = 3780872897.030783
CCFA1E001 = 3784881198.132469
CCFA1G001 = 3781302394.537986
CCFA1N000 = 3782213553.783050
CCFA1R001 = 3784860000.466321
CCFA1N001 = 3783384556.592019
CCFA1Z002 = 3784849696.993617
CCFA1Z001 = 3783378390.841625
CCFA1P001 = 3784764037.629658
CCFA1U000 = 3783933801.138422