[Curing start time]
CCFA10001 = ""
CCFA1S000 = 3741838296.619260
CCFA1H000 = 3763930990.968275
CCFA1CC07 = 3728879024.884696
CCFA1CC06 = 3728880351.486573
CCFA1CC08 = 3729474821.748403
CCFA1CC09 = 3729477656.794558
CCFA1CC10 = 3728967656.549649
CCFA1M000 = 3775438442.180205
CCFA1J000 = 3768624935.751946
CCFA1Q000 = 3775518108.842371
CCFA1K000 = 3773870307.299741
CCFA1G000 = 3755208395.088953
CCFA1N000 = 3775624253.497007
CCFA1P000 = 3775809585.824303
CCFA1R000 = 3775603830.968005
CCFA1B000 = 3738028591.135024
CCFA1A000 = 3738287020.815435
ÿÿÿCCFA1N = 3743395309.077767
CCFA1W00 = 3752455661.781435
CCFA1Z00 = 3752530391.232148
CCFA1F00 = 3752555919.754296
CCFA1X00 = 3752539941.798409
CCFA1B001 = 3775565309.841114
CCFA1W000 = 3775737909.949490
CCFA1T000 = 3775787079.363008
CCFA1C001 = 3762560782.382611
CCFA1V000 = 3775807884.059968
CCFA1A001 = 3775454307.262636
CCFA1Z000 = 3765179330.272943
CCFA1E001 = 3772595944.141230
CCFA1U000 = 3768015473.895078
CCFA1X000 = 3767765267.032799
CCFA1D001 = 3759979165.101775
CCFA1F001 = 3760588517.663546
CCFA1Y000 = 3760485571.542602
CCFA1P001 = 3773716586.820199
CCFA1Z002 = 3761805443.285901
CCFA1R001 = 3761614883.388017
CCFA1I001 = 3775775807.449291
CCFA1O001 = 3767316055.272829
CCFA1V001 = 3775722833.726180
CCFA1J001 = 3775712515.036984
1JR300230 = 3763778432.784349
CCFA1T001 = 3775703424.639043
CCFA1M001 = 3761698922.935486
CCFA1H001 = 3761786938.990516
CCFA1U001 = 3775466201.879969
CCFA1N001 = 3775797788.988563
CCFA1Q001 = 3766405776.868066
CCFA1W001 = 3776112165.128613    
CCFA1Y001 = 3775729782.867648
CCFA1X001 = 3775548697.514943
CCFA1S001 = 3775615212.967018
CCFA1L001 = 3775689602.633470
CCFA1Z001 = 3763261398.370430

[Hotting start time]
CCFA1D000 = 3775785401.735053
CCFA1E000 = 3774833089.092678
CCFA1A000 = 3761358091.680433
CCFA1F000 = 3759133314.845933
CCFA1B000 = 3775797852.510196