[Curing start time]
CCFA10001 = ""
CCFA1S000 = 3741838296.619260
CCFA1H000 = 3740631643.318842
CCFA1CC07 = 3728879024.884696
CCFA1CC06 = 3728880351.486573
CCFA1CC08 = 3729474821.748403
CCFA1CC09 = 3729477656.794558
CCFA1CC10 = 3728967656.549649
CCFA1M000 = 3749781664.871004
CCFA1J000 = 3750297660.352212
CCFA1Q000 = 3750296211.531345
CCFA1K000 = 3750825471.339556
CCFA1G000 = 3750901303.978794    
CCFA1N000 = 3749010984.660296
CCFA1P000 = 3750812005.853374
CCFA1R000 = 3749590253.650354
CCFA1B000 = 3738028591.135024
CCFA1A000 = 3738287020.815435
ÿÿÿCCFA1N = 3743395309.077767