[Curing start time]
CCFA10001 = ""
CCFA1S000 = 3736483902.975078
CCFA1H000 = 3738730504.051460
CCFA1CC07 = 3728879024.884696
CCFA1CC06 = 3728880351.486573
CCFA1CC08 = 3729474821.748403
CCFA1CC09 = 3729477656.794558
CCFA1CC10 = 3728967656.549649
CCFA1M000 = 3729660749.792921
CCFA1J000 = 3738796787.703760
CCFA1Q000 = 3733261441.109156
CCFA1K000 = 3738731210.562870
CCFA1G000 = 3738809242.977161    
CCFA1N000 = 3738728125.287403
CCFA1P000 = 3737414238.577946
CCFA1R000 = 3733374977.854299
CCFA1B000 = 3738028591.135024
CCFA1A000 = 3738287020.815435